image: jackal_cone1_world.pgm
resolution: 0.025500000
origin: [-24.000000, -24.000000, 0.000000]
negate: 0
occupied_thresh: 0.65
free_thresh: 0.196

