image: cone_orcahrd5.png
resolution: 0.0255863539
origin: [-30.000000, -30.000000, 0.000000]
negate: 0
occupied_thresh: 0.65
free_thresh: 0.196

